//x20*20
00000000000000000001
10110000010110101001
10000100000011101101
01111111010101011011
10000101010111110011

01001011110000101111
11100011001101100101
00111011000101101001
10010101101000011101
01000110010100000111

10000101100100111101
11000110100011001011
10111101001100011111
10101001000011111011
00111011001011110001

10110100100111111111
10011100011001110111
10101110101010101011
11100001001101111101
00000000000000000011

//y20*20
11001011011100001010
01111011010101001110
01001111010110010010
01010000011010000100
01101100000100001010

00011100011011011000
00101010111010001110
01100011011110110000
00110110000111011000
01110101010101111010

00111001111110100100
00101000110000100000
01000010111010000100
01100011110110001010
01000100110001010000

00110011101100001110
01010101100100100100
00011010110011001000
01001110111110100110
11111111111111111111
