//x30*30
000000000000000000000000000001
101100000100100110011010000101
011100101011001000110001100001
111100100000101110110110001101
100101101010100100010001011011
001111100101011101101001010011

010101000111000110011011011101
011101000111101110101101011101
100001010111010010000111100011
000100100000101100111000110011
110011101111100001010100000111

011101101100110001010011111001
101011010101000001011000111001
011110110101100101000001010101
100010001110111001101000100111
100101110010001110110110010101

100010100000111001001001010101
110100010001110110101101001001
001000100111011010110101010101
011101101110000110100111010111
001010100001011010111010110111

111101001011101001100100111111
010101101100001000000110010011
011111110110110101011011100001
110000000110010110010000001001
101111000111110010010000011101

110000011111110110101111100111
001000101011100111000000111011
001110110101100010101010001101
000000000000000000000000000011

//y30*30
100010111100100100000110100100
011011010000001000111010110100
010010111110100001000100011010
000110010010101111101101010100
001010001110010101111011101100

010100110100101000000010010000
010001111101111011010001010000
011110100100010001110111011010
011110101110011111001000101100
001100001010001010010011110110

000011101001001110101101100100
011001001001110111010100000100
000100101001101101110111100100
011010110101000011010111101100
011001011000111101001101000100

011100100111100001100101100110
011001101110000101010001110010
001011111010111100110101011000
010010001101010000101000101010
011100111000110100111101000100

000010110010000011000010110000
010101110011101111111100101100
010100000101001001010100010110
011011001100110101010111110110
000010111000000111101110110000

011101010000101101010111111010
001110110101001000111000000000
001011000110011111010011011010
010101111101011101111110111110
111111111111111111111111111111
